10
E:2.71828182845
50
E:2.718281828459045235360287471352662497757247093699959
100
E:2.7182818284590452353602874713526624977572470936999595749669676277240766303535
4759457138217852516642743
1000
E:2.7182818284590452353602874713526624977572470936999595749669676277240766303535
47594571382178525166427427466391932003059921817413596629043572900334295260595630
73813232862794349076323382988075319525101901157383418793070215408914993488416750
92447614606680822648001684774118537423454424371075390777449920695517027618386062
61331384583000752044933826560297606737113200709328709127443747047230696977209310
14169283681902551510865746377211125238978442505695369677078544996996794686445490
59879316368892300987931277361782154249992295763514822082698951936680331825288693
98496465105820939239829488793320362509443117301238197068416140397019837679320683
28237646480429531180232878250981945581530175671736133206981125099618188159304169
03515988885193458072738667385894228792284998920868058257492796104841984443634632
44968487560233624827041978623209002160990235304369941849146314093431738143640546
25315209618369088870701676839642437814059271456354906130310720851038375051011574
770417189861068739696552126715468895703503534
1500
E:2.7182818284590452353602874713526624977572470936999595749669676277240766303535
47594571382178525166427427466391932003059921817413596629043572900334295260595630
73813232862794349076323382988075319525101901157383418793070215408914993488416750
92447614606680822648001684774118537423454424371075390777449920695517027618386062
61331384583000752044933826560297606737113200709328709127443747047230696977209310
14169283681902551510865746377211125238978442505695369677078544996996794686445490
59879316368892300987931277361782154249992295763514822082698951936680331825288693
98496465105820939239829488793320362509443117301238197068416140397019837679320683
28237646480429531180232878250981945581530175671736133206981125099618188159304169
03515988885193458072738667385894228792284998920868058257492796104841984443634632
44968487560233624827041978623209002160990235304369941849146314093431738143640546
25315209618369088870701676839642437814059271456354906130310720851038375051011574
77041718986106873969655212671546889570350354021234078498193343210681701210056278
80235193033224745015853904730419957777093503660416997329725088687696640355570716
22684471625607988265178713419512466520103059212366771943252786753985589448969709
64097545918569563802363701621120477427228364896134225164450781824423529486363721
41740238893441247963574370263755294448337998016125492278509257782562092622648326
27793338656648162772516401910590049164499828931505660472580277863186415519565324
42586982946959308019152987211725563475463964479101459040905862978
2000
E:2.7182818284590452353602874713526624977572470936999595749669676277240766303535
47594571382178525166427427466391932003059921817413596629043572900334295260595630
73813232862794349076323382988075319525101901157383418793070215408914993488416750
92447614606680822648001684774118537423454424371075390777449920695517027618386062
61331384583000752044933826560297606737113200709328709127443747047230696977209310
14169283681902551510865746377211125238978442505695369677078544996996794686445490
59879316368892300987931277361782154249992295763514822082698951936680331825288693
98496465105820939239829488793320362509443117301238197068416140397019837679320683
28237646480429531180232878250981945581530175671736133206981125099618188159304169
03515988885193458072738667385894228792284998920868058257492796104841984443634632
44968487560233624827041978623209002160990235304369941849146314093431738143640546
25315209618369088870701676839642437814059271456354906130310720851038375051011574
77041718986106873969655212671546889570350354021234078498193343210681701210056278
80235193033224745015853904730419957777093503660416997329725088687696640355570716
22684471625607988265178713419512466520103059212366771943252786753985589448969709
64097545918569563802363701621120477427228364896134225164450781824423529486363721
41740238893441247963574370263755294448337998016125492278509257782562092622648326
27793338656648162772516401910590049164499828931505660472580277863186415519565324
42586982946959308019152987211725563475463964479101459040905862984967912874068705
04895858671747985466775757320568128845920541334053922000113786300945560688166740
01698420558040336379537645203040243225661352783695117788386387443966253224985065
49958862342818997077332761717839280349465014345588970719425863987727547109629537
41521115136835062752602326484728703920764310059584116612054529703023647254929666
93811513732275364509888903136020572481765851180630364428123149655070475102544650
11727211555194866850800368532281831521960037356252794495158284188294787610852639
81387
3000
E:2.7182818284590452353602874713526624977572470936999595749669676277240766303535
47594571382178525166427427466391932003059921817413596629043572900334295260595630
73813232862794349076323382988075319525101901157383418793070215408914993488416750
92447614606680822648001684774118537423454424371075390777449920695517027618386062
61331384583000752044933826560297606737113200709328709127443747047230696977209310
14169283681902551510865746377211125238978442505695369677078544996996794686445490
59879316368892300987931277361782154249992295763514822082698951936680331825288693
98496465105820939239829488793320362509443117301238197068416140397019837679320683
28237646480429531180232878250981945581530175671736133206981125099618188159304169
03515988885193458072738667385894228792284998920868058257492796104841984443634632
44968487560233624827041978623209002160990235304369941849146314093431738143640546
25315209618369088870701676839642437814059271456354906130310720851038375051011574
77041718986106873969655212671546889570350354021234078498193343210681701210056278
80235193033224745015853904730419957777093503660416997329725088687696640355570716
22684471625607988265178713419512466520103059212366771943252786753985589448969709
64097545918569563802363701621120477427228364896134225164450781824423529486363721
41740238893441247963574370263755294448337998016125492278509257782562092622648326
27793338656648162772516401910590049164499828931505660472580277863186415519565324
42586982946959308019152987211725563475463964479101459040905862984967912874068705
04895858671747985466775757320568128845920541334053922000113786300945560688166740
01698420558040336379537645203040243225661352783695117788386387443966253224985065
49958862342818997077332761717839280349465014345588970719425863987727547109629537
41521115136835062752602326484728703920764310059584116612054529703023647254929666
93811513732275364509888903136020572481765851180630364428123149655070475102544650
11727211555194866850800368532281831521960037356252794495158284188294787610852639
81395599006737648292244375287184624578036192981971399147564488262603903381441823
26251509748279877799643730899703888677822713836057729788241256119071766394650706
33045279546618550966661856647097113444740160704626215680717481877844371436988218
55967095910259686200235371858874856965220005031173439207321139080329363447972735
59552773490717837934216370120500545132638354400018632399149070547977805669785335
80489669062951194324730995876552368128590413832411607226029983305353708761389396
39177957454016137223618789365260538155841587186925538606164779834025435128439612
94603529133259427949043372990857315802909586313826832914771163963370924003168945
86360606458459251269946557248391865642097526850823075442545993769170419777800853
62730941710163434907696423722294352366125572508814779223151974778060569672538017
18077636034624592787784658506560507808442115296975218908740196609066518035165017
92504619501366585436632712549639908549144200014574760819302212066024330096412704
894390397177195180699086998606636583232278708
5000
E:2.7182818284590452353602874713526624977572470936999595749669676277240766303535
47594571382178525166427427466391932003059921817413596629043572900334295260595630
73813232862794349076323382988075319525101901157383418793070215408914993488416750
92447614606680822648001684774118537423454424371075390777449920695517027618386062
61331384583000752044933826560297606737113200709328709127443747047230696977209310
14169283681902551510865746377211125238978442505695369677078544996996794686445490
59879316368892300987931277361782154249992295763514822082698951936680331825288693
98496465105820939239829488793320362509443117301238197068416140397019837679320683
28237646480429531180232878250981945581530175671736133206981125099618188159304169
03515988885193458072738667385894228792284998920868058257492796104841984443634632
44968487560233624827041978623209002160990235304369941849146314093431738143640546
25315209618369088870701676839642437814059271456354906130310720851038375051011574
77041718986106873969655212671546889570350354021234078498193343210681701210056278
80235193033224745015853904730419957777093503660416997329725088687696640355570716
22684471625607988265178713419512466520103059212366771943252786753985589448969709
64097545918569563802363701621120477427228364896134225164450781824423529486363721
41740238893441247963574370263755294448337998016125492278509257782562092622648326
27793338656648162772516401910590049164499828931505660472580277863186415519565324
42586982946959308019152987211725563475463964479101459040905862984967912874068705
04895858671747985466775757320568128845920541334053922000113786300945560688166740
01698420558040336379537645203040243225661352783695117788386387443966253224985065
49958862342818997077332761717839280349465014345588970719425863987727547109629537
41521115136835062752602326484728703920764310059584116612054529703023647254929666
93811513732275364509888903136020572481765851180630364428123149655070475102544650
11727211555194866850800368532281831521960037356252794495158284188294787610852639
81395599006737648292244375287184624578036192981971399147564488262603903381441823
26251509748279877799643730899703888677822713836057729788241256119071766394650706
33045279546618550966661856647097113444740160704626215680717481877844371436988218
55967095910259686200235371858874856965220005031173439207321139080329363447972735
59552773490717837934216370120500545132638354400018632399149070547977805669785335
80489669062951194324730995876552368128590413832411607226029983305353708761389396
39177957454016137223618789365260538155841587186925538606164779834025435128439612
94603529133259427949043372990857315802909586313826832914771163963370924003168945
86360606458459251269946557248391865642097526850823075442545993769170419777800853
62730941710163434907696423722294352366125572508814779223151974778060569672538017
18077636034624592787784658506560507808442115296975218908740196609066518035165017
92504619501366585436632712549639908549144200014574760819302212066024330096412704
89439039717719518069908699860663658323227870937650226014929101151717763594460202
32493002804018677239102880978666056511832600436885088171572386698422422010249505
51881694803221002515426494639812873677658927688163598312477886520141174110913601
16499507662907794364600585194199856016264790761532103872755712699251827568798930
27617611461625493564959037980458381823233686120162437365698467037858533052758333
37939907521660692380533698879565137285593883499894707416181550125397064648171946
70834819721448889879067650379590366967249499254527903372963616265897603949857674
13973594410237443297093554779826296145914429364514286171585873397467918975712119
56187385783644758448423555581050025611492391518893099463428413936080383091662818
81150371528496705974162562823609216807515017772538740256425347087908913729172282
86115159156837252416307722544063378759310598267609442032619242853170187817729602
35413060672136046000389661093647095141417185777014180606443636815464440053316087
78314317444081194942297559931401188868331483280270655383300469329011574414756313
99972217038046170928945790962716622607407187499753592127560844147378233032703301
68237193648002173285734935947564334129943024850235732214597843282641421684878721
67336701061509424345698440187331281010794512722373788612605816566805371439612788
87325273738903928905068653241380627960259303877276977837928684093253658807339884
57218746021005311483351323850047827169376218004904795597959290591655470505777514
30817511269898518840871856402603530558373783242292418562564425502267215598027401
26179719280471396006891638286652770097527670697770364392602243728418408832518487
70472638440379530166905465937461619323840363893131364327137688841026811219891275
22305625675625470172508634976536728860596675274086862740791285657699631378975303
46606166698042182677245605306607738996242183408598820718646826232150802882863597
46839654358856685503773131296587975810501214916207656769950659715344763470320853
21560367482860837865680307306265763346977429563464371670939719306087696349532884
68336130388294310408002968738691170666661468