Pi(2000)=3.141592653589793238462643383279502884197169399375105820974944592307816
40628620899862803482534211706798214808651328230664709384460955058223172535940812
84811174502841027019385211055596446229489549303819644288109756659334461284756482
33786783165271201909145648566923460348610454326648213393607260249141273724587006
60631558817488152092096282925409171536436789259036001133053054882046652138414695
19415116094330572703657595919530921861173819326117931051185480744623799627495673
51885752724891227938183011949129833673362440656643086021394946395224737190702179
86094370277053921717629317675238467481846766940513200056812714526356082778577134
27577896091736371787214684409012249534301465495853710507922796892589235420199561
12129021960864034418159813629774771309960518707211349999998372978049951059731732
81609631859502445945534690830264252230825334468503526193118817101000313783875288
65875332083814206171776691473035982534904287554687311595628638823537875937519577
81857780532171226806613001927876611195909216420198938095257201065485863278865936
15338182796823030195203530185296899577362259941389124972177528347913151557485724
24541506959508295331168617278558890750983817546374649393192550604009277016711390
09848824012858361603563707660104710181942955596198946767837449448255379774726847
10404753464620804668425906949129331367702898915210475216205696602405803815019351
12533824300355876402474964732639141992726042699227967823547816360093417216412199
24586315030286182974555706749838505494588586926995690927210797509302955321165344
98720275596023648066549911988183479775356636980742654252786255181841757467289097
77727938000816470600161452491921732172147723501414419735685481613611573525521334
75741849468438523323907394143334547762416862518983569485562099219222184272550254
25688767179049460165346680498862723279178608578438382796797668145410095388378636
09506800642251252051173929848960841284886269456042419652850222106611863067442786
22039194945047123713786960956364371917287467764657573962413890865832645995813390
4780275900995