e(20000)= 2.71828182845904523536028747135266249775724709369995957496696762772407
66303535475945713821785251664274274663919320030599218174135966290435729003342952
60595630738132328627943490763233829880753195251019011573834187930702154089149934
88416750924476146066808226480016847741185374234544243710753907774499206955170276
18386062613313845830007520449338265602976067371132007093287091274437470472306969
77209310141692836819025515108657463772111252389784425056953696770785449969967946
86445490598793163688923009879312773617821542499922957635148220826989519366803318
25288693984964651058209392398294887933203625094431173012381970684161403970198376
79320683282376464804295311802328782509819455815301756717361332069811250996181881
59304169035159888851934580727386673858942287922849989208680582574927961048419844
43634632449684875602336248270419786232090021609902353043699418491463140934317381
43640546253152096183690888707016768396424378140592714563549061303107208510383750
51011574770417189861068739696552126715468895703503540212340784981933432106817012
10056278802351930332247450158539047304199577770935036604169973297250886876966403
55570716226844716256079882651787134195124665201030592123667719432527867539855894
48969709640975459185695638023637016211204774272283648961342251644507818244235294
86363721417402388934412479635743702637552944483379980161254922785092577825620926
22648326277933386566481627725164019105900491644998289315056604725802778631864155
19565324425869829469593080191529872117255634754639644791014590409058629849679128
74068705048958586717479854667757573205681288459205413340539220001137863009455606
88166740016984205580403363795376452030402432256613527836951177883863874439662532
24985065499588623428189970773327617178392803494650143455889707194258639877275471
09629537415211151368350627526023264847287039207643100595841166120545297030236472
54929666938115137322753645098889031360205724817658511806303644281231496550704751
02544650117272115551948668508003685322818315219600373562527944951582841882947876
10852639813955990067376482922443752871846245780361929819713991475644882626039033
81441823262515097482798777996437308997038886778227138360577297882412561190717663
94650706330452795466185509666618566470971134447401607046262156807174818778443714
36988218559670959102596862002353718588748569652200050311734392073211390803293634
47972735595527734907178379342163701205005451326383544000186323991490705479778056
69785335804896690629511943247309958765523681285904138324116072260299833053537087
61389396391779574540161372236187893652605381558415871869255386061647798340254351
28439612946035291332594279490433729908573158029095863138268329147711639633709240
03168945863606064584592512699465572483918656420975268508230754425459937691704197
77800853627309417101634349076964237222943523661255725088147792231519747780605696
72538017180776360346245927877846585065605078084421152969752189087401966090665180
35165017925046195013665854366327125496399085491442000145747608193022120660243300
96412704894390397177195180699086998606636583232278709376502260149291011517177635
94460202324930028040186772391028809786660565118326004368850881715723866984224220
10249505518816948032210025154264946398128736776589276881635983124778865201411741
10913601164995076629077943646005851941998560162647907615321038727557126992518275
68798930276176114616254935649590379804583818232336861201624373656984670378585330
52758333379399075216606923805336988795651372855938834998947074161815501253970646
48171946708348197214488898790676503795903669672494992545279033729636162658976039
49857674139735944102374432970935547798262961459144293645142861715858733974679189
75712119561873857836447584484235555810500256114923915188930994634284139360803830
91662818811503715284967059741625628236092168075150177725387402564253470879089137
29172282861151591568372524163077225440633787593105982676094420326192428531701878
17729602354130606721360460003896610936470951414171857770141806064436368154644400
53316087783143174440811949422975599314011888683314832802706553833004693290115744
14756313999722170380461709289457909627166226074071874997535921275608441473782330
32703301682371936480021732857349359475643341299430248502357322145978432826414216
84878721673367010615094243456984401873312810107945127223737886126058165668053714
39612788873252737389039289050686532413806279602593038772769778379286840932536588
07339884572187460210053114833513238500478271693762180049047955979592905916554705
05777514308175112698985188408718564026035305583737832422924185625644255022672155
98027401261797192804713960068916382866527700975276706977703643926022437284184088
32518487704726384403795301669054659374616193238403638931313643271376888410268112
19891275223056256756254701725086349765367288605966752740868627407912856576996313
78975303466061666980421826772456053066077389962421834085988207186468262321508028
82863597468396543588566855037731312965879758105012149162076567699506597153447634
70320853215603674828608378656803073062657633469774295634643716709397193060876963
49532884683361303882943104080029687386911706666614680001512114344225602387447432
52507693870777751932999421372772112588436087158348356269616619805725266122067975
40621062080649882918454395301529982092503005498257043390553570168653120526495614
85724925738620691740369521353373253166634546658859728665945113644137033139367211
85695539521084584072443238355860631068069649248512326326995146035960372972531983
68423363904632136710116192821711150282801604488058802382031981493096369596735832
74202498824568494127386056649135252670604623445054922758115170931492187959271800
19409688669868370373022004753143381810927080300172059355305207007060722339994639
90571311587099635777359027196285061146514837526209565346713290025994397663114545
90268589897911583709341937044115512192011716488056694593813118384376562062784631
04903462939500294583411648241149697583260118007316994373935069662957124102732391
38741754923071862454543222039552735295240245903805744502892246886285336542213815
72213116328811205214648980518009202471939171055539011394331668151582884368760696
11025051710073927623855533862725535388309606716446623709226468096712540618695021
43176211668140097595281493907222601112681153108387317617323235263605838173151034
59573653822353499293582283685100781088463434998351840445170427018938199424341009
05753762577675711180900881641833192019626234162881665213747173254777277834887743
66518828752156685719506371936565390389449366421764003121527870222366463635755503
56557694888654950027085392361710550213114741374410613444554419210133617299628569
48991933691847294785807291560885103967819594298331864807560836795514966364489655
92948187851784038773326247051945050419847742014183947731202815886845707290544057
51060128525805659470304683634459265255213700806875200959345360731622611872817392
80746230946853678231060979215993600199462379934342106878134973469592464697525062
46958616909178573976595199392993995567542714654910456860702099012606818704984178
07917392407194599632306025470790177452751318680998228473086076653686685551646770
29113368275631072233467261137054907953658345386371962358563126183871567741187385
27722922594743373785695538456246801013905727871016512966636764451872465653730402
44368414081448873295784734849000301947788802046032466084287535184836495919508288
83232065221281041904480472479492913422849519700226013104300624107179715027934332
63407995960531446053230488528972917659876016667811937932372453857209607582277178
48336161358261289622611812945592746276713779448758675365754486140761193112595851
26557597345730153336426307679854433857617153334623252705720053039882894990342595
66232975782488735029259166825894456894655992658454762694528780516501720674785417
88798227680653665064191097343452887833862172615626958265447820567298775642632532
15942944180399432170000905426507630955884658951717091476074371368933194690909819
04501290307099566226620303182649365733698419555776963787624918852865686607600566
02560544571133728684020557441603083705231224258722343885412317948138855007568938
11249353863186352870837998456926199817945233640874295911807474534195514203517261
84200845509170845682368200897739455842679214273477560879644279202708312150156406
34134161716644806981548376449157390012121704154787259199894382536495051477137939
91472052195290793961376211072384942906163576045962312535060685376514231153496656
83715116604220796394466621163255157729070978473156278277598788136491951257483328
79377157145909106484164267830994972367442017586226940215940792448054125536043131
79926967391575424192966073123937635421392306178767539587114361040894099660894714
18340698362993675362621545247298464213752891079884381306095552622720837518629837
06678722443019579379378607210725427728907173285487437435578196651171661833088112
91202452040486822000723440350254482028342541878846536025915064452716577000445210
97735585897622655484941621714989532383421600114062950718490427789258552743035221
39683567901807640604213830730877446017084268827226117718084266433365178000217190
34492342642662922614560043373838683355553434530042648184739892156270860956506293
40405264943244261445665921291225648893569655009154306426134252668472594914314239
39884543248632746184284665598533231221046625989014171210344608427161661900125719
58707932175696985440133976220967494541854071184464339469901626983516078489245140
58940946395267807354579700307051163682519487701189764002827648414160587206184185
29718915401968825328930914966534575357142731848201638464483249903788606900807270
93276731275819665639411489617168329804551397295066876047409154204284299935410258
29113502241690769431668574242522509026939034814856451303069925199590436384028429
26741257342244776558417788617173726546208549829449894678735092958165263207225899
23687684570178230380965678831122893058091405726108658848458731016581511675333276
74887014829167419701512559782572707406431808601428149024146780472327597684269633
93577354293018673943971638861176420900406866339885684168100387238921448317607011
66845038872123643670433140911557332801829779887365909166596124020217785588548761
76161989370794380056663364884365089144805571039765214696027662583599051987042300
17946553678856743028597460014378548323706870119007849940493091891918164932725977
40300748796814848823429320230121280323274603922196875283405169069741942576146739
78110715464186273369091584973185011183960482533518748438923177292613543024932562
89637136197728545662292446164449728459786771157412567030787188510933634448014967
52406185365695320741705334867827548278154155619669110551014727990403868972204655
50833170782394808785990501947563108984124144672821865459971596639015641941751820
93593261631688838013275875260146050767609839262572641112013528859131784829947568
24725648855333572797722055435681263025357482165854140008053148206971372621497555
76051890481622376790414926742600071045922695314835188137463887104273544767623577
93399397063239660496914530327388787455790593493777232014295480334500069525698093
52828877837106705855677494813738586303857628230406940056653405848875270053088324
59182183494318049834199639981458773435863115940570443683515285383609442955964360
67609022174189688354813164399743776415836524223464261959739045545068069523285075
18687194490647677918867203064186307510535121498510512073138466487175475183829799
90189317751550639981016466414592102406838294603208535554058147159273220677567669
21366408150590080695254061062853640829327662193193993386162383606911176778544823
61293268581999652392754884274354144028845364555951247355461394031549520973970518
96240157976832639450633230452192645049651735466775699295718989690470902730288544
94541669979199294803825498028594602905276314558031651406622917122342937580614399
34849143621079935767373179489642524888137204355792875113858569733819760835244232
40466778020948399639946684833774706725483618848273000648319163826022110555221246
73332318446300550448184991699662208774614021615702102960331858872733329877935257
01823938612440268683395558706077581699543984695685406711744449324795195721594196
45863736126915526457574786985964242176592896862383506370433939811671397544736228
62550680368266413554144804899772137317411919997001729390730335086902092251912444
73932783761563218108428982077069741387070532661176836986477417871802027294129823
10888796831880854367327806879771659111654224453806625861711729498038248879986504
06156397562993696280935818976149101714534355665954275706419440883381684111116620
07597872441370823339178861147082286575310785366746950184621407364939173662549377
83014074302668422150335117736471853872324040421037907750266020114814935482228916
66364078245016681534121350527857853933260611024980227309363674021351538643169301
52674605360643517321547010914406508788236367642368311873909374642326090216463656
27553976834019482932795750624399645272578624400375983422050808935129023122475970
64410567836187087717233355546548259890686120141010722246590400855379823525388517
16235182565184822031252149507003783004112162121260527260599443204430562745229161
28891766814160639131235975350390320077529587392412476451850809163911459296071156
34420434713354472098117846145107787239914060629022827666430926490059224981029106
87594345338583303911787475759770659535709796400122240921990311582292596679131539
91561438070129260780197022589662923368154312499412259460023399472228171056603931
87722680049383314898033854890946868513078929206424281917479586619994441119620873
04980643850068526202584328420855823385669366498497208170461353761635840153428406
74118587581546514598270228676671855309311923340191286170613364873183197560812569
46008940295309442911959029596856392303768997632746228390073545714459641410822928
59222393328362101928229372435902830038844457013837716320565183519701001157220109
56997890484964453434612129224964732356126321951155701565824427661599326463155806
67205312759694853805736420838491888709517605228781733946274764465685890093626612
33111529108160415241002141959373497864316615567327027921095935430555797326605546
77963552005378304619540636971842916168582734122217145885870814274090248185446421
77487692509332878567067467738122675283165355924520457807054135257690325352273896
38474956462559403789249250076243868937764753101023237467337714745816255306980324
99033676455430305274561512961214585944432150749051491453950981001388737926379964
87372839641689755513227596201183824865074698549203809769193260643760874320938560
28156428497565493079097338541855835157894098140076918923890630905425348838968317
62904120212949167195811935791203162514344096503132835216728021372415947344095498
31613832250548670817222147513842516679044541661730320082033090289548880851679725
84958134071321805339888281393460498505323404725950972143314925866042485114058195
79711564191458842833000525684776874305916390494306871343118796189637475503362820
93994934369032103197689811205559536946542470417332389539404603532539675835439535
05167202616479613477909123279952649290451511483079233693821660107028726519381438
44844532639517394110131152502750465749343063766541866128915264446926222884366299
46273246795873638350193714278647139805403821551346322370207153313488708317414659
14924063594930209211220526103123906829413456967859585183934913823408842743124190
99152870804332809132993078936867127413922890033069995875921815297612482409116951
58778996409035257734593824823205305556723809502226679043961423185299198918106555
44124772045085102100715223523427925312669301082706339423217625700763231391593497
09946933241013908779161651226804414809765618979735043151396066913258379033748620
83669547508328031878670775117752566396347925921973357794955549865521419339817026
86399873883470102552620523123172152540625716367712700107609122815283265089843595
68975961038372157726831170734552250194121701541318793651818502020877326906133592
18200076232726950328382739124382819817087116810895118789674670707337786959256554
27133400523267060400043488434329027603604980278621607494696549892104744439278719
34536701798673920803845633723311983855862638008516345597194441994344624761123844
61761573624201593507852082560060410155688989950173255433729807356169986110190847
20966007083202805699170425901038769286583365577287586842504926903709342620280223
99861803400211320742198642917383679176232826444645756330336556777374808644109969
14182777425341701098843585318933917593451157402384729290901546855916379269619684
10006765983997449720472878818312002333832980305678654808714764645128242644782166
44266616732096012564794514827125671326697067367144617795643752391742928503987022
58373406985230919046496726024341127034561111414983578390179349971379091369670649
76371272484666132799082543054492955285949327938183416078270913266808656559211027
33746700132583428715240835661522165574998431236278287106649401564670141943713823
86345472960697869333597310953712649941628265646370849058015153820533832651128950
49385664687529211359322202656818564182608275387900024079158926460284908949222999
66167437731347776134150965262448332709343898412056926145108857812249139616912534
20291813989868390133579585762443519400894395518055474655400005176624020282594482
88338118863817495942848920135200909510078649418682560092739776675856425983785874
97776669563350170748579027248701370264203283965756348010818356182372177082236423
18659159588366948732241172650448726839232845301099167751837683159982126323712385
43573126812024451754018521326637405388029012497281808950215531006735981844304291
05288459323064725590442355960551978839325930339572934663055160430923785677229293
53720841669313457528401187374685469162064899116472690942898297106560680180580784
36004618662235628745913851859044162506632222495614487244138138497637971026760208
45531824111963927941069619465426480006761727618115630063644321116224837379105623
61135883633455010228617051789044057041957785983334846331792190449465292302146925
97565663899658937477287513933771055698024557574361905017724662145875923744186575
30064998056688376964229825501195065837843125232135309371235243969149662310110328
24357006578148767729916094115395406336275242371293554992671348503157823889956754
52879155784204831057493300601979582077395585228073070489509362355507698378819263
57141779338750216344391014187576711938914416277109602859415809719913429313295145
92437363645647303503737453850348928611314163809475230174508878488564574127500335
33034161380965600431058605483557739466250332300343415878146346021692350792161110
13148948281895391028916816328709309713184139815427678818067628650978085718262117
00314000337730158153633414909323703470363751335453763452105037099545294205523207
88174493709376770560093063536455109134816273782049856570556087842119640399723445
56458607689515569686899384896439195225232309703301037277227710870564912966121061
49407278244203341405744144645996823696611887841165629035511783994407096177256716
49197901681952345238074462998776648248737533130181427639105192346850819790017965
19907050490865237442841652776611425351538665162781316090964802801234493372427866
93089482791346544393196525415482949457787575859948209918182452244931207776825083
07682823350015970404191995605097053646964731424484538258881126027539095488526397
08652339052941829691802357120545328231809270356491743371932080628731303589640570
87377996784517474051531740138487808288100604638893671164047775598548126390750474
72950126094199903737212462016770305177903529527931687663050998374418598034988212
39340919805055103821539827677291373138006715339240126954586376422065097810852907
63907972784130176455324752707378876406936642001219474570235829548136578180986794
40202202808226379570067553935758080863189320758644442066446916493344676981808117
16568665213389686173592450920801465312529777966137198695916451869432324246404401
67238197802072839441826450218313148336601938489197231781715437219210394663847371
56302267018013435159304428538489418256788707212385205972638592249347636231221881
13706307506918260109689069251417142514218153491532129077723748506635489170892850
76023435176821835500882964741065581488204923953370227053670563075031749978818700
99892510201780156010422778362836443237297799299351609258845157720552328969783331
26427671291093993103773425910592303277652667641874842441076564447767097790392324
95841634852773517198106467383714274297446899232040693250606283446893754301678781
53206160090576934049061461766070943801109154432619290007452098959592011594123241
0227484548261