e(10000)= 2.71828182845904523536028747135266249775724709369995957496696762772407
66303535475945713821785251664274274663919320030599218174135966290435729003342952
60595630738132328627943490763233829880753195251019011573834187930702154089149934
88416750924476146066808226480016847741185374234544243710753907774499206955170276
18386062613313845830007520449338265602976067371132007093287091274437470472306969
77209310141692836819025515108657463772111252389784425056953696770785449969967946
86445490598793163688923009879312773617821542499922957635148220826989519366803318
25288693984964651058209392398294887933203625094431173012381970684161403970198376
79320683282376464804295311802328782509819455815301756717361332069811250996181881
59304169035159888851934580727386673858942287922849989208680582574927961048419844
43634632449684875602336248270419786232090021609902353043699418491463140934317381
43640546253152096183690888707016768396424378140592714563549061303107208510383750
51011574770417189861068739696552126715468895703503540212340784981933432106817012
10056278802351930332247450158539047304199577770935036604169973297250886876966403
55570716226844716256079882651787134195124665201030592123667719432527867539855894
48969709640975459185695638023637016211204774272283648961342251644507818244235294
86363721417402388934412479635743702637552944483379980161254922785092577825620926
22648326277933386566481627725164019105900491644998289315056604725802778631864155
19565324425869829469593080191529872117255634754639644791014590409058629849679128
74068705048958586717479854667757573205681288459205413340539220001137863009455606
88166740016984205580403363795376452030402432256613527836951177883863874439662532
24985065499588623428189970773327617178392803494650143455889707194258639877275471
09629537415211151368350627526023264847287039207643100595841166120545297030236472
54929666938115137322753645098889031360205724817658511806303644281231496550704751
02544650117272115551948668508003685322818315219600373562527944951582841882947876
10852639813955990067376482922443752871846245780361929819713991475644882626039033
81441823262515097482798777996437308997038886778227138360577297882412561190717663
94650706330452795466185509666618566470971134447401607046262156807174818778443714
36988218559670959102596862002353718588748569652200050311734392073211390803293634
47972735595527734907178379342163701205005451326383544000186323991490705479778056
69785335804896690629511943247309958765523681285904138324116072260299833053537087
61389396391779574540161372236187893652605381558415871869255386061647798340254351
28439612946035291332594279490433729908573158029095863138268329147711639633709240
03168945863606064584592512699465572483918656420975268508230754425459937691704197
77800853627309417101634349076964237222943523661255725088147792231519747780605696
72538017180776360346245927877846585065605078084421152969752189087401966090665180
35165017925046195013665854366327125496399085491442000145747608193022120660243300
96412704894390397177195180699086998606636583232278709376502260149291011517177635
94460202324930028040186772391028809786660565118326004368850881715723866984224220
10249505518816948032210025154264946398128736776589276881635983124778865201411741
10913601164995076629077943646005851941998560162647907615321038727557126992518275
68798930276176114616254935649590379804583818232336861201624373656984670378585330
52758333379399075216606923805336988795651372855938834998947074161815501253970646
48171946708348197214488898790676503795903669672494992545279033729636162658976039
49857674139735944102374432970935547798262961459144293645142861715858733974679189
75712119561873857836447584484235555810500256114923915188930994634284139360803830
91662818811503715284967059741625628236092168075150177725387402564253470879089137
29172282861151591568372524163077225440633787593105982676094420326192428531701878
17729602354130606721360460003896610936470951414171857770141806064436368154644400
53316087783143174440811949422975599314011888683314832802706553833004693290115744
14756313999722170380461709289457909627166226074071874997535921275608441473782330
32703301682371936480021732857349359475643341299430248502357322145978432826414216
84878721673367010615094243456984401873312810107945127223737886126058165668053714
39612788873252737389039289050686532413806279602593038772769778379286840932536588
07339884572187460210053114833513238500478271693762180049047955979592905916554705
05777514308175112698985188408718564026035305583737832422924185625644255022672155
98027401261797192804713960068916382866527700975276706977703643926022437284184088
32518487704726384403795301669054659374616193238403638931313643271376888410268112
19891275223056256756254701725086349765367288605966752740868627407912856576996313
78975303466061666980421826772456053066077389962421834085988207186468262321508028
82863597468396543588566855037731312965879758105012149162076567699506597153447634
70320853215603674828608378656803073062657633469774295634643716709397193060876963
49532884683361303882943104080029687386911706666614680001512114344225602387447432
52507693870777751932999421372772112588436087158348356269616619805725266122067975
40621062080649882918454395301529982092503005498257043390553570168653120526495614
85724925738620691740369521353373253166634546658859728665945113644137033139367211
85695539521084584072443238355860631068069649248512326326995146035960372972531983
68423363904632136710116192821711150282801604488058802382031981493096369596735832
74202498824568494127386056649135252670604623445054922758115170931492187959271800
19409688669868370373022004753143381810927080300172059355305207007060722339994639
90571311587099635777359027196285061146514837526209565346713290025994397663114545
90268589897911583709341937044115512192011716488056694593813118384376562062784631
04903462939500294583411648241149697583260118007316994373935069662957124102732391
38741754923071862454543222039552735295240245903805744502892246886285336542213815
72213116328811205214648980518009202471939171055539011394331668151582884368760696
11025051710073927623855533862725535388309606716446623709226468096712540618695021
43176211668140097595281493907222601112681153108387317617323235263605838173151034
59573653822353499293582283685100781088463434998351840445170427018938199424341009
05753762577675711180900881641833192019626234162881665213747173254777277834887743
66518828752156685719506371936565390389449366421764003121527870222366463635755503
56557694888654950027085392361710550213114741374410613444554419210133617299628569
48991933691847294785807291560885103967819594298331864807560836795514966364489655
92948187851784038773326247051945050419847742014183947731202815886845707290544057
51060128525805659470304683634459265255213700806875200959345360731622611872817392
80746230946853678231060979215993600199462379934342106878134973469592464697525062
46958616909178573976595199392993995567542714654910456860702099012606818704984178
07917392407194599632306025470790177452751318680998228473086076653686685551646770
29113368275631072233467261137054907953658345386371962358563126183871567741187385
27722922594743373785695538456246801013905727871016512966636764451872465653730402
44368414081448873295784734849000301947788802046032466084287535184836495919508288
83232065221281041904480472479492913422849519700226013104300624107179715027934332
63407995960531446053230488528972917659876016667811937932372453857209607582277178
48336161358261289622611812945592746276713779448758675365754486140761193112595851
26557597345730153336426307679854433857617153334623252705720053039882894990342595
66232975782488735029259166825894456894655992658454762694528780516501720674785417
88798227680653665064191097343452887833862172615626958265447820567298775642632532
15942944180399432170000905426507630955884658951717091476074371368933194690909819
04501290307099566226620303182649365733698419555776963787624918852865686607600566
02560544571133728684020557441603083705231224258722343885412317948138855007568938
11249353863186352870837998456926199817945233640874295911807474534195514203517261
84200845509170845682368200897739455842679214273477560879644279202708312150156406
34134161716644806981548376449157390012121704154787259199894382536495051477137939
91472052195290793961376211072384942906163576045962312535060685376514231153496656
83715116604220796394466621163255157729070978473156278277598788136491951257483328
79377157145909106484164267830994972367442017586226940215940792448054125536043131
79926967391575424192966073123937635421392306178767539587114361040894099660894714
18340698362993675362621545247298464213752891079884381306095552622720837518629837
06678722443019579379378607210725427728907173285487437435578196651171661833088112
91202452040486822000723440350254482028342541878846536025915064452716577000445210
97735585897622655484941621714989532383421600114062950718490427789258552743035221
39683567901807640604213830730877446017084268827226117718084266433365178000217190
34492342642662922614560043373838683355553434530042648184739892156270860956506293
40405264943244261445665921291225648893569655009154306426134252668472594914314239
39884543248632746184284665598533231221046625989014171210344608427161661900125719
58707932175696985440133976220967494541854071184464339469901626983516078489245140
58940946395267807354579700307051163682519487701189764002827648414160587206184185
29718915401968825328930914966534575357142731848201638464483249903788606900807270
93276731275819665639411489617168329804551397295066876047409154204284299935410258
29113502241690769431668574242522509026939034814856451303069925199590436384028429
26741257342244776558417788617173726546208549829449894678735092958165263207225899
23687684570178230380965678831122893058091405726108658848458731016581511675333276
74887014829167419701512559782572707406431808601428149024146780472327597684269633
93577354293018673943971638861176420900406866339885684168100387238921448317607011
66845038872123643670433140911557332801829779887365909166596124020217785588548761
76161989370794380056663364884365089144805571039765214696027662583599051987042300
1794655367886