300     2082.8  44850
2082.8  20134.3 424099

******************************
+19.8659(x^1) +11.578(x^0)
******************************

********************************************************************************

11.578, 12.3726, 13.1673, 13.9619, 14.7565, 15.5512, 16.3458, 17.1404, 17.9351,
18.7297,
19.5243, 20.319, 21.1136, 21.9083, 22.7029, 23.4975, 24.2922, 25.0868, 26.0801,
26.8747,
27.272, 28.0667, 28.8613, 29.6559, 30.4506, 31.2452, 32.0398, 32.8345, 33.6291,
34.6224,
35.417, 36.2117, 37.0063, 37.8009, 38.5956, 39.3902, 40.3835, 41.1781, 41.9728,
42.7674,
43.562, 44.3567, 45.35, 46.1446, 47.1379, 47.9325, 48.7272, 49.5218, 50.5151, 51
.3097,
52.1043, 52.899, 53.6936, 54.4882, 55.2829, 56.0775, 56.8722, 57.8654, 58.6601,
59.6534,
60.448, 61.2426, 62.2359, 63.0306, 63.8252, 64.8185, 65.6131, 66.6064, 67.4011,
68.1957,
69.189, 70.1823, 70.9769, 71.9702, 72.9635, 73.9568, 74.7514, 75.7447, 76.5393,
77.334,
78.3273, 79.1219, 79.9165, 80.9098, 81.7045, 82.6978, 83.6911, 84.4857, 85.479,
86.2736,
87.2669, 88.2602, 89.0548, 90.0481, 91.0414, 92.0347, 92.8293, 93.8226, 94.6173,
 95.4119,
96.4052, 97.1998, 97.9945, 98.9878, 99.7824, 100.776, 101.57, 102.564, 103.557,
104.352,
105.345, 106.338, 107.133, 108.126, 109.119, 109.914, 111.106, 112.099, 113.093,
 114.086,
115.079, 116.072, 117.066, 118.059, 119.052, 120.046, 120.84, 121.833, 122.827,
123.82,
144.679, 125.807, 126.8, 127.793, 128.985, 129.978, 130.972, 131.965, 132.958, 1
33.952,
134.945, 136.137, 137.13, 138.123, 139.117, 140.11, 141.302, 142.097, 143.289, 1
44.282,
145.275, 146.268, 147.262, 148.255, 149.248, 150.242, 151.235, 152.228, 153.222,
 154.215,
155.009, 156.201, 157.195, 158.188, 99.5837, 160.373, 161.367, 162.36, 163.353,
164.346,
165.34, 166.333, 167.326, 168.518, 169.512, 170.703, 171.895, 173.087, 174.279,
175.471,
176.663, 177.657, 178.65, 179.842, 180.835, 181.828, 183.02, 184.014, 185.206, 1
86.199,
187.391, 188.384, 189.576, 190.569, 191.761, 192.953, 193.748, 194.741, 195.536,
 196.529,
197.522, 198.317, 199.112, 200.105, 200.9, 201.893, 202.886, 204.078, 205.071, 2
06.263,
207.455, 208.449, 209.641, 210.833, 211.826, 213.018, 214.011, 215.203, 216.196,
 217.19,
218.183, 219.375, 220.567, 221.759, 222.951, 223.944, 225.136, 226.328, 227.321,
 228.513,
229.506, 230.698, 231.89, 232.884, 234.076, 235.268, 236.261, 237.453, 238.645,
239.837,
240.83, 242.022, 243.214, 244.406, 245.2, 246.79, 247.584, 248.578, 249.571, 250
.564,
251.359, 252.352, 253.345, 254.14, 255.133, 256.127, 257.319, 258.511, 259.703,
260.894,
262.086, 263.278, 264.272, 265.464, 266.656, 267.848, 269.039, 270.231, 271.423,
 272.615,
273.807, 274.999, 276.191, 277.383, 278.575, 279.767, 280.959, 282.151, 283.343,
 284.535,
285.727, 286.919, 288.111, 289.303, 290.495, 291.687, 292.878, 294.07, 295.262,
296.454,
297.646, 298.838, 300.03, 301.222, 302.414, 303.606, 304.798, 305.99, 307.182, 3
08.374,
请按任意键继续. . .