300     2082.8  20134.3 222122  2.62976e+006    3.25324e+007    4.14718e+008
5.40367e+009    44850
2082.8  20134.3 222122  2.62976e+006    3.25324e+007    4.14718e+008    5.40367e
+009    7.15923e+010    424099
20134.3 222122  2.62976e+006    3.25324e+007    4.14718e+008    5.40367e+009
7.15923e+010    9.61059e+011    4.62292e+006
222122  2.62976e+006    3.25324e+007    4.14718e+008    5.40367e+009    7.15923e
+010    9.61059e+011    1.30392e+013    5.4332e+007
2.62976e+006    3.25324e+007    4.14718e+008    5.40367e+009    7.15923e+010
9.61059e+011    1.30392e+013    1.78467e+014    6.68822e+008
3.25324e+007    4.14718e+008    5.40367e+009    7.15923e+010    9.61059e+011
1.30392e+013    1.78467e+014    2.46073e+015    8.49568e+009
4.14718e+008    5.40367e+009    7.15923e+010    9.61059e+011    1.30392e+013
1.78467e+014    2.46073e+015    3.4142e+016     1.10396e+011
5.40367e+009    7.15923e+010    9.61059e+011    1.30392e+013    1.78467e+014
2.46073e+015    3.4142e+016     4.76274e+017    1.45948e+012

******************************
+4.2441e-006(x^7) -0.000139206(x^6) +0.00054067(x^5) +0.0262586(x^4) -0.341167(x
^3) +0.969109(x^2) +23.5882(x^1) +0.477296(x^0)
******************************

********************************************************************************

0.477296, 1.42235, 2.37038, 3.32125, 4.27484, 5.23102, 6.18966, 7.15065, 8.11386
, 9.07918,
10.0465, 11.0157, 11.9866, 12.9592, 13.9333, 14.9088, 15.8857, 16.8638, 18.088,
19.0684,
19.559, 20.5407, 21.5232, 22.5063, 23.4899, 24.474, 25.4585, 26.4432, 27.4282, 2
8.6595,
29.6445, 30.6295, 31.6143, 32.5988, 33.583, 34.5669, 35.796, 36.7786, 37.7607, 3
8.742,
39.7225, 40.7023, 41.9256, 42.9032, 44.1238, 45.099, 46.073, 47.0458, 48.26, 49.
2299,
50.1984, 51.1654, 52.1309, 53.0949, 54.0574, 55.0182, 55.9773, 57.1738, 58.1291,
 59.3206,
60.2718, 61.2211, 62.4051, 63.3501, 64.2932, 65.4691, 66.4077, 67.5779, 68.5118,
 69.4435,
70.6052, 71.7636, 72.6878, 73.84, 74.9888, 76.1341, 77.0478, 78.1868, 79.0954, 8
0.0018,
81.1316, 82.0328, 82.9318, 84.0522, 84.946, 86.06, 87.1704, 88.0562, 89.1601, 90
.0407,
91.1382, 92.2322, 93.1048, 94.1923, 95.2764, 96.3569, 97.2188, 98.2931, 99.15, 1
00.005,
101.07, 101.92, 102.768, 103.824, 104.667, 105.718, 106.556, 107.601, 108.643, 1
09.474,
110.51, 111.544, 112.368, 113.396, 114.42, 115.238, 116.461, 117.478, 118.491, 1
19.502,
120.51, 121.516, 122.519, 123.52, 124.518, 125.514, 126.309, 127.3, 128.29, 129.
277,
149.605, 131.245, 132.226, 133.205, 134.377, 135.352, 136.326, 137.297, 138.267,
 139.235,
140.202, 141.36, 142.323, 143.285, 144.246, 145.206, 146.356, 147.121, 148.268,
149.223,
150.177, 151.13, 152.082, 153.033, 153.983, 154.933, 155.882, 156.83, 157.778, 1
58.725,
159.482, 160.617, 161.563, 162.508, 104.457, 164.586, 165.53, 166.474, 167.418,
168.362,
169.305, 170.248, 171.191, 172.323, 173.266, 174.397, 175.529, 176.661, 177.792,
 178.924,
180.056, 180.999, 181.943, 183.075, 184.019, 184.963, 186.096, 187.04, 188.173,
189.118,
190.252, 191.196, 192.331, 193.276, 194.41, 195.545, 196.301, 197.246, 198.003,
198.949,
199.894, 200.651, 201.407, 202.353, 203.11, 204.055, 205.001, 206.135, 207.08, 2
08.214,
209.348, 210.292, 211.425, 212.558, 213.501, 214.632, 215.574, 216.704, 217.646,
 218.586,
219.526, 220.653, 221.779, 222.903, 224.027, 224.962, 226.083, 227.203, 228.135,
 229.252,
230.181, 231.295, 232.406, 233.332, 234.44, 235.546, 236.466, 237.569, 238.669,
239.766,
240.679, 241.772, 242.863, 243.951, 244.675, 246.119, 246.84, 247.738, 248.635,
249.529,
250.243, 251.134, 252.023, 252.733, 253.618, 254.501, 255.557, 256.611, 257.662,
 258.709,
259.753, 260.795, 261.66, 262.696, 263.729, 264.759, 265.786, 266.811, 267.832,
268.852,
269.868, 270.882, 271.894, 272.904, 273.912, 274.918, 275.923, 276.926, 277.928,
 278.929,
279.929, 280.929, 281.928, 282.928, 283.928, 284.929, 285.931, 286.935, 287.94,
288.948,
289.958, 290.972, 291.989, 293.011, 294.037, 295.068, 296.106, 297.15, 298.201,
299.26,
请按任意键继续. . .