300     2081.53 20124.5 222051  44850
2081.53 20124.5 222051  2.6292e+006     423974
20124.5 222051  2.6292e+006     3.25275e+007    4.62178e+006
222051  2.6292e+006     3.25275e+007    4.14675e+008    5.43221e+007

******************************
+0.0174435(x^3) -0.656675(x^2) +26.0332(x^1) +0.00988767(x^0)
******************************

********************************************************************************

0.00988767, 1.05017, 2.08835, 3.12445, 4.15847, 5.19041, 6.22028, 7.24809, 8.273
85, 9.29756,
10.3192, 11.3389, 12.3565, 13.3721, 14.3856, 15.3972, 16.4068, 17.4143, 18.671,
19.6741,
20.1749, 21.1751, 22.1732, 23.1695, 24.1638, 25.1561, 26.1465, 27.135, 28.1215,
29.352,
30.3343, 31.3146, 32.2931, 33.2697, 34.2444, 35.2172, 36.4306, 37.3992, 38.366,
39.3309,
40.294, 41.2553, 42.4543, 43.4115, 44.6054, 45.5585, 46.5098, 47.4593, 48.6437,
49.5892,
50.533, 51.4749, 52.4152, 53.3537, 54.2904, 55.2254, 56.1587, 57.3229, 58.2524,
59.4118,
60.3374, 61.2613, 62.4138, 63.334, 64.2525, 65.3982, 66.313, 67.4541, 68.3651, 6
9.2746,
70.4091, 71.541, 72.4448, 73.5722, 74.6972, 75.8197, 76.7159, 77.834, 78.7267, 5
6.8576,
80.7296, 81.6173, 82.5035, 83.609, 84.4917, 85.593, 86.6919, 87.5694, 88.6641, 8
9.5383,
90.6289, 91.7172, 92.5862, 93.6704, 94.7524, 95.8321, 96.6943, 97.7701, 98.6291,
 99.4867,
100.557, 101.411, 102.264, 103.329, 104.179, 105.239, 106.086, 107.143, 108.198,
 109.04,
110.091, 111.14, 111.978, 113.023, 114.067, 114.9, 116.147, 117.185, 118.22, 119
.254,
120.285, 121.315, 122.342, 123.368, 124.392, 125.414, 126.23, 127.249, 128.266,
129.281,
150.201, 131.306, 132.316, 133.323, 134.531, 135.535, 136.537, 137.538, 138.537,
 139.534,
140.53, 141.722, 142.714, 143.704, 144.693, 145.68, 146.863, 147.65, 148.828, 14
9.809,
150.788, 151.765, 152.741, 153.716, 154.689, 155.66, 156.63, 157.599, 158.566, 1
59.532,
160.304, 161.459, 162.421, 163.381, 103.966, 165.489, 166.445, 167.399, 168.353,
 169.305,
165.106, 171.205, 172.153, 173.29, 174.235, 175.368, 176.5, 177.629, 178.758, 17
9.884,
181.009, 181.945, 182.88, 184, 184.933, 185.865, 186.981, 187.91, 189.024, 189.9
51,
191.063, 191.988, 193.096, 194.019, 195.125, 196.23, 196.966, 197.885, 198.62, 1
99.537,
200.454, 201.187, 201.919, 202.833, 203.565, 204.478, 205.39, 206.484, 207.394,
208.486,
209.577, 210.485, 211.574, 212.662, 213.568, 214.654, 215.559, 216.643, 217.547,
 218.449,
219.351, 220.433, 221.514, 222.594, 223.673, 224.572, 225.65, 226.728, 227.625,
228.701,
229.597, 230.673, 231.747, 232.642, 233.716, 234.789, 235.683, 236.755, 237.826,
 238.898,
239.79, 240.861, 241.931, 243.001, 243.714, 245.14, 245.852, 246.743, 247.634, 2
48.524,
249.236, 250.127, 251.017, 251.729, 252.618, 253.508, 254.576, 255.644, 256.711,
 257.779,
258.846, 259.914, 260.804, 261.871, 262.939, 264.007, 265.075, 266.143, 267.212,
 268.28,
269.349, 270.418, 271.487, 272.557, 273.627, 274.697, 275.768, 276.839, 277.91,
278.982,
280.054, 281.127, 282.2, 283.274, 284.348, 285.423, 286.498, 287.574, 288.651, 2
89.728,
290.806, 291.885, 292.964, 294.045, 295.126, 296.207, 297.29, 298.373, 299.457,
300.542,
请按任意键继续. . .



















































































































































































































