300     2082.8  20134.3 222122  2.62976e+006    3.25324e+007    4.14718e+008
5.40367e+009    7.15923e+010    9.61059e+011    44850
2082.8  20134.3 222122  2.62976e+006    3.25324e+007    4.14718e+008    5.40367e
+009    7.15923e+010    9.61059e+011    1.30392e+013    424099
20134.3 222122  2.62976e+006    3.25324e+007    4.14718e+008    5.40367e+009
7.15923e+010    9.61059e+011    1.30392e+013    1.78467e+014    4.62292e+006

222122  2.62976e+006    3.25324e+007    4.14718e+008    5.40367e+009    7.15923e
+010    9.61059e+011    1.30392e+013    1.78467e+014    2.46073e+015    5.4332e+
007
2.62976e+006    3.25324e+007    4.14718e+008    5.40367e+009    7.15923e+010
9.61059e+011    1.30392e+013    1.78467e+014    2.46073e+015    3.4142e+016
6.68822e+008
3.25324e+007    4.14718e+008    5.40367e+009    7.15923e+010    9.61059e+011
1.30392e+013    1.78467e+014    2.46073e+015    3.4142e+016     4.76274e+017
8.49568e+009
4.14718e+008    5.40367e+009    7.15923e+010    9.61059e+011    1.30392e+013
1.78467e+014    2.46073e+015    3.4142e+016     4.76274e+017    6.67514e+018
1.10396e+011
5.40367e+009    7.15923e+010    9.61059e+011    1.30392e+013    1.78467e+014
2.46073e+015    3.4142e+016     4.76274e+017    6.67514e+018    9.39399e+019
1.45948e+012
7.15923e+010    9.61059e+011    1.30392e+013    1.78467e+014    2.46073e+015
3.4142e+016     4.76274e+017    6.67514e+018    9.39399e+019    1.32684e+021
1.95578e+013
9.61059e+011    1.30392e+013    1.78467e+014    2.46073e+015    3.4142e+016
4.76274e+017    6.67514e+018    9.39399e+019    1.32684e+021    1.88014e+022
2.64965e+014

******************************
+1.04971e-006(x^9) -7.58107e-005(x^8) +0.00229918(x^7) -0.0378983(x^6) +0.366531
(x^5) -2.09015(x^4) +6.70162(x^3) -11.2798(x^2) +32.5892(x^1) -1.09599(x^0)
******************************

********************************************************************************

-1.09599, 0.189952, 1.4423, 2.66344, 3.85564, 5.02104, 6.1617, 7.27953, 8.37638,
 9.45397,
10.5139, 11.5578, 12.5871, 13.603, 14.607, 15.6003, 16.5839, 17.5589, 18.7671, 1
9.7264,
20.2038, 21.155, 22.1016, 23.0446, 23.9844, 24.9218, 25.8571, 26.791, 27.7239, 2
8.8892,
29.8212, 30.7534, 31.6861, 32.6195, 33.5538, 34.4893, 35.6605, 36.599, 37.5392,
38.4809,
39.4244, 40.3696, 41.5536, 42.5028, 43.6917, 44.6448, 45.5995, 46.5557, 47.7532,
 48.7127,
49.6736, 50.6357, 51.5988, 52.5629, 53.5278, 54.4935, 55.4597, 56.6681, 57.6351,
 58.844,
59.811, 60.7778, 61.9859, 62.9517, 63.9168, 65.122, 66.085, 67.2871, 68.2473, 69
.2061,
70.4022, 71.5956, 72.5481, 73.7359, 74.9203, 76.1011, 77.0429, 78.2166, 79.1525,
 80.0857,
81.2482, 82.1748, 83.0984, 84.2486, 85.1652, 86.3064, 87.4424, 88.3475, 89.4741,
 90.3715,
91.4885, 92.6, 93.4852, 94.5869, 95.683, 96.7737, 97.6423, 98.7231, 99.5839, 100
.441,
101.508, 102.358, 103.204, 104.257, 105.096, 106.14, 106.971, 108.007, 109.037,
109.858,
110.88, 111.898, 112.709, 113.718, 114.724, 115.526, 116.724, 117.718, 118.709,
119.697,
120.681, 121.662, 122.64, 123.616, 124.588, 125.559, 126.333, 127.299, 128.263,
129.226,
149.216, 131.145, 132.102, 133.058, 134.204, 135.157, 136.11, 137.061, 138.012,
138.963,
139.913, 141.052, 142.001, 142.95, 143.899, 144.848, 145.987, 146.747, 147.886,
148.836,
149.787, 150.737, 151.688, 152.64, 153.592, 154.545, 155.499, 156.453, 157.407,
158.363,
159.128, 160.276, 161.233, 162.191, 104.886, 164.301, 165.261, 166.221, 167.183,
 168.144,
169.106, 170.069, 171.032, 172.188, 173.152, 174.309, 175.466, 176.623, 177.78,
178.938,
180.095, 181.059, 182.023, 183.18, 184.143, 185.106, 186.261, 187.223, 188.376,
189.337,
190.488, 191.447, 192.597, 193.554, 194.701, 195.846, 196.609, 197.562, 198.324,
 199.274,
200.224, 200.982, 201.74, 202.687, 203.443, 204.387, 205.329, 206.459, 207.398,
208.524,
209.648, 210.583, 211.703, 212.821, 213.751, 214.866, 215.793, 216.904, 217.829,
 218.752,
219.674, 220.779, 221.882, 222.983, 224.083, 224.998, 226.095, 227.191, 228.103,
 229.196,
230.106, 231.197, 232.287, 233.194, 234.282, 235.369, 236.274, 237.359, 238.444,
 239.527,
240.43, 241.512, 242.594, 243.674, 244.395, 245.834, 246.554, 247.452, 248.351,
249.248,
249.966, 250.863, 251.759, 252.475, 253.37, 254.264, 255.336, 256.407, 257.476,
258.544,
259.61, 260.675, 261.56, 262.621, 263.68, 264.736, 265.79, 266.841, 267.889, 268
.935,
269.976, 271.015, 272.05, 273.081, 274.108, 275.131, 276.15, 277.165, 278.176, 2
79.182,
280.184, 281.182, 282.176, 283.166, 284.153, 285.136, 286.116, 287.094, 288.07,
289.044,
290.018, 290.993, 291.969, 292.947, 293.929, 294.917, 295.912, 296.916, 297.93,
298.958,
请按任意键继续. . .