300     2082.8  20134.3 44850
2082.8  20134.3 222122  424099
20134.3 222122  2.62976e+006    4.62292e+006

******************************
-0.272938(x^2) +23.8265(x^1) +2.39875(x^0)
******************************

********************************************************************************

2.39875, 3.35137, 4.30312, 5.25399, 6.204, 7.15313, 8.10138, 9.04876, 9.99527, 1
0.9409,
11.8857, 12.8296, 13.7726, 14.7147, 15.656, 16.5964, 17.5359, 18.4745, 19.6466,
20.5833,
21.0513, 21.9867, 22.9212, 23.8548, 24.7876, 25.7195, 26.6505, 27.5806, 28.5099,
 29.6702,
30.5975, 31.5239, 32.4495, 33.3741, 34.2979, 35.2209, 36.3733, 37.2942, 38.2143,
 39.1336,
40.0519, 40.9694, 42.115, 43.0305, 44.1736, 45.0872, 45.9998, 46.9116, 48.0501,
48.96,
49.8689, 50.777, 51.6842, 52.5905, 53.496, 54.4006, 55.3043, 56.4327, 57.3344, 5
8.4604,
59.3602, 60.2591, 61.3815, 62.2784, 63.1745, 64.2934, 65.1875, 66.3039, 67.196,
68.0873,
69.2001, 70.3116, 71.1998, 72.3089, 73.4165, 74.5228, 75.4069, 76.5107, 77.3928,
 78.2741,
79.3743, 80.2536, 81.132, 82.2287, 83.1052, 84.1995, 85.2924, 86.1657, 87.2562,
88.1276,
89.2156, 90.3023, 91.1706, 92.2548, 93.3376, 94.4191, 95.2833, 96.3623, 97.2245,
 98.0859,
99.1614, 100.021, 100.879, 101.951, 102.808, 103.877, 104.732, 105.799, 106.864,
 107.716,
108.779, 109.841, 110.689, 111.749, 112.807, 113.652, 114.919, 115.973, 117.025,
 118.076,
119.126, 120.174, 121.222, 122.267, 123.312, 124.355, 125.188, 126.229, 127.268,
 128.305,
149.784, 130.377, 131.411, 132.443, 133.68, 134.709, 135.737, 136.764, 137.789,
138.813,
139.836, 141.061, 142.08, 143.098, 144.115, 145.131, 146.347, 147.157, 148.371,
149.38,
150.389, 151.396, 152.401, 153.406, 154.408, 155.41, 156.41, 157.409, 158.406, 1
59.402,
160.198, 161.39, 162.382, 163.373, 102.594, 165.547, 166.533, 167.518, 168.502,
169.484,
170.465, 171.444, 172.422, 173.594, 174.569, 175.737, 176.903, 178.068, 179.23,
180.39,
181.549, 182.513, 183.475, 184.628, 185.588, 186.546, 187.694, 188.649, 189.793,
 190.745,
191.886, 192.835, 193.972, 194.918, 196.052, 197.183, 197.936, 198.877, 199.628,
 200.566,
201.503, 202.251, 202.998, 203.931, 204.677, 205.607, 206.536, 207.649, 208.576,
 209.685,
210.793, 211.714, 212.818, 213.92, 214.837, 215.936, 216.85, 217.945, 218.855, 2
19.765,
220.673, 221.761, 222.847, 223.931, 225.013, 225.913, 226.992, 228.068, 228.964,
 230.037,
230.93, 231.999, 233.066, 233.954, 235.018, 236.08, 236.963, 238.021, 239.077, 2
40.132,
241.009, 242.059, 243.108, 244.155, 244.851, 246.242, 246.936, 247.803, 248.668,
 249.531,
250.221, 251.083, 251.942, 252.629, 253.487, 254.343, 255.368, 256.392, 257.413,
 258.433,
259.45, 260.466, 261.311, 262.323, 263.333, 264.341, 265.347, 266.351, 267.353,
268.353,
269.351, 270.348, 271.342, 272.334, 273.325, 274.313, 275.3, 276.284, 277.267, 2
78.247,
279.226, 280.202, 281.177, 282.15, 283.12, 284.089, 285.056, 286.021, 286.984, 2
87.945,
288.904, 289.86, 290.815, 291.769, 292.72, 293.669, 294.616, 295.561, 296.504, 2
97.445,
请按任意键继续. . .