300     2082.8  20134.3 222122  2.62976e+006    3.25324e+007    44850
2082.8  20134.3 222122  2.62976e+006    3.25324e+007    4.14718e+008    424099

20134.3 222122  2.62976e+006    3.25324e+007    4.14718e+008    5.40367e+009
4.62292e+006
222122  2.62976e+006    3.25324e+007    4.14718e+008    5.40367e+009    7.15923e
+010    5.4332e+007
2.62976e+006    3.25324e+007    4.14718e+008    5.40367e+009    7.15923e+010
9.61059e+011    6.68822e+008
3.25324e+007    4.14718e+008    5.40367e+009    7.15923e+010    9.61059e+011
1.30392e+013    8.49568e+009

******************************
-0.000371355(x^5) +0.0120686(x^4) -0.114078(x^3) -0.115336(x^2) +25.4047(x^1) -0
.193902(x^0)
******************************

********************************************************************************

-0.193902, 0.822096, 1.83768, 2.85281, 3.86744, 4.88154, 5.89505, 6.90795, 7.920
19, 8.93173,
9.94254, 10.9526, 11.9618, 12.9702, 13.9777, 14.9843, 15.99, 16.9946, 18.2491, 1
9.2514,
19.7522, 20.7529, 21.7525, 22.751, 23.7482, 24.7443, 25.7391, 26.7327, 27.7249,
28.9634,
29.9527, 30.9406, 31.9271, 32.9122, 33.8958, 34.878, 36.1037, 37.0825, 38.0598,
39.0356,
40.0098, 40.9824, 42.1959, 43.1649, 44.3738, 45.3391, 46.3027, 47.2647, 48.4647,
 49.4228,
50.3792, 51.3338, 52.2867, 53.2378, 54.1872, 55.1347, 56.0805, 57.2602, 58.2019,
 59.3764,
60.314, 61.2498, 62.4169, 63.3485, 64.2782, 65.4378, 66.3633, 67.5176, 68.4389,
69.3584,
70.505, 71.6487, 72.5616, 73.7, 74.8354, 75.9679, 76.8718, 77.9989, 78.8986, 79.
7963,
80.9158, 81.8093, 82.7009, 83.8127, 84.7001, 85.8067, 86.9104, 87.7912, 88.8897,
 89.7664,
90.8596, 91.95, 92.8203, 93.9056, 94.988, 96.0676, 96.9293, 98.0039, 98.8616, 99
.7175,
100.785, 101.637, 102.487, 103.547, 104.394, 105.449, 106.292, 107.343, 108.391,
 109.228,
110.271, 111.312, 112.143, 113.18, 114.214, 115.039, 116.275, 117.302, 118.326,
119.348,
120.368, 121.385, 122.4, 123.413, 124.424, 125.433, 126.238, 127.243, 128.246, 1
29.246,
149.836, 131.241, 132.236, 133.228, 134.417, 135.405, 136.392, 137.377, 138.36,
139.341,
140.321, 141.494, 142.47, 143.444, 144.417, 145.388, 146.551, 147.326, 148.485,
149.45,
150.414, 151.376, 152.337, 153.297, 154.255, 155.212, 156.168, 157.123, 158.076,
 159.029,
159.79, 160.931, 161.88, 162.829, 104.182, 164.912, 165.857, 166.802, 167.746, 1
68.689,
169.631, 170.572, 171.513, 172.641, 173.581, 174.707, 175.832, 176.957, 178.081,
 179.204,
180.327, 181.262, 182.196, 183.317, 184.251, 185.184, 186.303, 187.236, 188.355,
 189.286,
190.404, 191.336, 192.453, 193.384, 194.501, 195.618, 196.362, 197.292, 198.036,
 198.966,
199.896, 200.64, 201.384, 202.314, 203.057, 203.987, 204.916, 206.032, 206.961,
208.076,
209.191, 210.121, 211.235, 212.35, 213.279, 214.394, 215.323, 216.438, 217.366,
218.295,
219.224, 220.338, 221.452, 222.566, 223.679, 224.607, 225.72, 226.833, 227.76, 2
28.872,
229.799, 230.911, 232.022, 232.947, 234.057, 235.167, 236.091, 237.199, 238.307,
 239.413,
240.335, 241.44, 242.544, 243.647, 244.382, 245.85, 246.583, 247.498, 248.413, 2
49.326,
250.056, 250.968, 251.878, 252.605, 253.513, 254.42, 255.506, 256.59, 257.672, 2
58.751,
259.828, 260.902, 261.795, 262.864, 263.93, 264.993, 266.053, 267.109, 268.162,
269.211,
270.257, 271.298, 272.335, 273.368, 274.396, 275.42, 276.438, 277.452, 278.46, 2
79.463,
280.461, 281.452, 282.438, 283.417, 284.39, 285.356, 286.316, 287.268, 288.213,
289.15,
290.08, 291.001, 291.914, 292.819, 293.715, 294.602, 295.479, 296.347, 297.205,
298.053,
请按任意键继续. . .
























































































































































