300     2082.8  20134.3 222122  2.62976e+006    3.25324e+007    4.14718e+008
5.40367e+009    7.15923e+010    44850
2082.8  20134.3 222122  2.62976e+006    3.25324e+007    4.14718e+008    5.40367e
+009    7.15923e+010    9.61059e+011    424099
20134.3 222122  2.62976e+006    3.25324e+007    4.14718e+008    5.40367e+009
7.15923e+010    9.61059e+011    1.30392e+013    4.62292e+006
222122  2.62976e+006    3.25324e+007    4.14718e+008    5.40367e+009    7.15923e
+010    9.61059e+011    1.30392e+013    1.78467e+014    5.4332e+007
2.62976e+006    3.25324e+007    4.14718e+008    5.40367e+009    7.15923e+010
9.61059e+011    1.30392e+013    1.78467e+014    2.46073e+015    6.68822e+008

3.25324e+007    4.14718e+008    5.40367e+009    7.15923e+010    9.61059e+011
1.30392e+013    1.78467e+014    2.46073e+015    3.4142e+016     8.49568e+009

4.14718e+008    5.40367e+009    7.15923e+010    9.61059e+011    1.30392e+013
1.78467e+014    2.46073e+015    3.4142e+016     4.76274e+017    1.10396e+011

5.40367e+009    7.15923e+010    9.61059e+011    1.30392e+013    1.78467e+014
2.46073e+015    3.4142e+016     4.76274e+017    6.67514e+018    1.45948e+012

7.15923e+010    9.61059e+011    1.30392e+013    1.78467e+014    2.46073e+015
3.4142e+016     4.76274e+017    6.67514e+018    9.39399e+019    1.95578e+013


******************************
-5.6792e-006(x^8) +0.000341872(x^7) -0.00832413(x^6) +0.104478(x^5) -0.712154(x^
4) +2.55753(x^3) -4.81395(x^2) +28.3654(x^1) -0.449407(x^0)
******************************

********************************************************************************

-0.449407, 0.67767, 1.7903, 2.8894, 3.97585, 5.05048, 6.11409, 7.16744, 8.21126,
 9.24624,
10.273, 11.2922, 12.3045, 13.3103, 14.3102, 15.3047, 16.2943, 17.2794, 18.5051,
19.4816,
19.9687, 20.9405, 21.9096, 22.8763, 23.8408, 24.8035, 25.7646, 26.7243, 27.6828,
 28.8795,
29.836, 30.7919, 31.7473, 32.7023, 33.6571, 34.6117, 35.8048, 36.7594, 37.714, 3
8.6687,
39.6236, 40.5787, 41.7728, 42.7284, 43.9232, 44.8792, 45.8355, 46.7919, 47.9876,
 48.9443,
49.9011, 50.8578, 51.8146, 52.7712, 53.7278, 54.6841, 55.6401, 56.8347, 57.7899,
 58.9832,
59.9372, 60.8906, 62.0812, 63.0328, 63.9835, 65.1704, 66.1188, 67.3026, 68.2482,
 69.1925,
70.3709, 71.547, 72.486, 73.6574, 74.8261, 75.9919, 76.9224, 78.0826, 79.0085, 7
9.9322,
81.0838, 82.0024, 82.9188, 84.0609, 84.9718, 86.107, 87.2382, 88.1403, 89.2641,
90.1602,
91.2765, 92.3884, 93.2749, 94.3791, 95.4788, 96.5741, 97.4471, 98.5344, 99.4009,
 100.265,
101.34, 102.197, 103.052, 104.116, 104.963, 106.019, 106.861, 107.909, 108.952,
109.784,
110.82, 111.851, 112.674, 113.698, 114.718, 115.532, 116.747, 117.755, 118.76, 1
19.761,
120.759, 121.753, 122.744, 123.732, 124.716, 125.698, 126.481, 127.457, 128.43,
129.401,
149.38, 131.335, 132.299, 133.26, 134.411, 135.368, 136.324, 137.277, 138.229, 1
39.18,
140.129, 141.266, 142.213, 143.158, 144.103, 145.046, 146.178, 146.932, 148.062,
 149.004,
149.945, 150.886, 151.827, 152.768, 153.709, 154.65, 155.591, 156.533, 157.474,
158.416,
159.171, 160.302, 161.246, 162.19, 104.752, 164.27, 165.216, 166.163, 167.111, 1
68.06,
169.009, 169.959, 170.91, 172.053, 173.005, 174.15, 175.296, 176.442, 177.59, 17
8.739,
179.889, 180.848, 181.808, 182.96, 183.921, 184.883, 186.037, 186.999, 188.154,
189.117,
190.273, 191.236, 192.392, 193.356, 194.512, 195.667, 196.437, 197.4, 198.17, 19
9.131,
200.092, 200.861, 201.629, 202.588, 203.355, 204.313, 205.27, 206.417, 207.372,
208.516,
209.658, 210.609, 211.748, 212.884, 213.83, 214.962, 215.904, 217.032, 217.97, 2
18.906,
219.84, 220.959, 222.075, 223.188, 224.298, 225.221, 226.326, 227.427, 228.343,
229.44,
230.351, 231.442, 232.53, 233.434, 234.517, 235.597, 236.494, 237.569, 238.642,
239.712,
240.601, 241.667, 242.73, 243.791, 244.498, 245.908, 246.612, 247.491, 248.37, 2
49.247,
249.948, 250.824, 251.699, 252.399, 253.273, 254.147, 255.195, 256.243, 257.291,
 258.338,
259.386, 260.435, 261.308, 262.357, 263.407, 264.457, 265.508, 266.559, 267.612,
 268.664,
269.718, 270.772, 271.826, 272.881, 273.935, 274.989, 276.043, 277.095, 278.146,
 279.195,
280.242, 281.285, 282.325, 283.36, 284.389, 285.412, 286.426, 287.433, 288.428,
289.413,
290.384, 291.34, 292.28, 293.2, 294.1, 294.977, 295.829, 296.652, 297.444, 298.2
03,
请按任意键继续. . .