300     2082.8  20134.3 222122  2.62976e+006    3.25324e+007    4.14718e+008
44850
2082.8  20134.3 222122  2.62976e+006    3.25324e+007    4.14718e+008    5.40367e
+009    424099
20134.3 222122  2.62976e+006    3.25324e+007    4.14718e+008    5.40367e+009
7.15923e+010    4.62292e+006
222122  2.62976e+006    3.25324e+007    4.14718e+008    5.40367e+009    7.15923e
+010    9.61059e+011    5.4332e+007
2.62976e+006    3.25324e+007    4.14718e+008    5.40367e+009    7.15923e+010
9.61059e+011    1.30392e+013    6.68822e+008
3.25324e+007    4.14718e+008    5.40367e+009    7.15923e+010    9.61059e+011
1.30392e+013    1.78467e+014    8.49568e+009
4.14718e+008    5.40367e+009    7.15923e+010    9.61059e+011    1.30392e+013
1.78467e+014    2.46073e+015    1.10396e+011

******************************
+8.11094e-005(x^6) -0.00397518(x^5) +0.07256(x^4) -0.588786(x^3) +1.62059(x^2) +
22.8906(x^1) +0.652409(x^0)
******************************

********************************************************************************

0.652409, 1.57059, 2.49373, 3.42161, 4.35402, 5.29075, 6.23159, 7.17634, 8.12479
, 9.07677,
10.0321, 10.9905, 11.9519, 12.9161, 13.8829, 14.8521, 15.8236, 16.7972, 18.0169,
 18.9946,
19.4841, 20.4642, 21.4457, 22.4285, 23.4123, 24.3971, 25.3828, 26.3691, 27.356,
28.5903,
29.5781, 30.5661, 31.5542, 32.5423, 33.5302, 34.5179, 35.7521, 36.7389, 37.7252,
 38.7108,
39.6957, 40.6798, 41.9087, 42.8907, 44.1167, 45.0962, 46.0745, 47.0514, 48.2707,
 49.2446,
50.2169, 51.1876, 52.1568, 53.1242, 54.09, 55.054, 56.0162, 57.2162, 58.1742, 59
.3688,
60.3223, 61.2737, 62.4601, 63.4068, 64.3513, 65.529, 66.4687, 67.6401, 68.5747,
69.507,
70.6692, 71.8278, 72.752, 73.904, 75.0523, 76.1968, 77.1098, 78.2477, 79.1552, 8
0.0604,
81.1885, 82.0883, 82.9856, 84.104, 84.9959, 86.1075, 87.2153, 88.0989, 89.2, 90.
0783,
91.1728, 92.2636, 93.1337, 94.218, 95.2987, 96.3759, 97.2351, 98.306, 99.1602, 1
00.012,
101.074, 101.921, 102.766, 103.819, 104.66, 105.707, 106.543, 107.584, 108.623,
109.451,
110.485, 111.515, 112.337, 113.362, 114.384, 115.199, 116.42, 117.434, 118.445,
119.454,
120.46, 121.464, 122.465, 123.464, 124.461, 125.455, 126.25, 127.24, 128.229, 12
9.215,
149.566, 131.183, 132.164, 133.143, 134.316, 135.291, 136.265, 137.237, 138.208,
 139.177,
140.145, 141.304, 142.269, 143.233, 144.195, 145.157, 146.309, 147.076, 148.226,
 149.183,
150.139, 151.095, 152.049, 153.003, 153.956, 154.909, 155.86, 156.812, 157.762,
158.712,
159.472, 160.611, 161.56, 162.508, 104.45, 164.593, 165.54, 166.487, 167.434, 16
8.38,
169.327, 170.273, 171.219, 172.354, 173.3, 174.434, 175.569, 176.703, 177.838, 1
78.972,
180.106, 181.052, 181.997, 183.131, 184.076, 185.022, 186.156, 187.101, 188.235,
 189.18,
190.315, 191.26, 192.394, 193.339, 194.473, 195.607, 196.363, 197.308, 198.064,
199.008,
199.953, 200.708, 201.464, 202.408, 203.163, 204.106, 205.05, 206.182, 207.124,
208.255,
209.386, 210.327, 211.457, 212.586, 213.526, 214.653, 215.592, 216.718, 217.656,
 218.593,
219.529, 220.652, 221.773, 222.893, 224.013, 224.944, 226.061, 227.176, 228.105,
 229.217,
230.143, 231.253, 232.361, 233.284, 234.388, 235.491, 236.409, 237.509, 238.606,
 239.702,
240.613, 241.705, 242.794, 243.881, 244.605, 246.048, 246.769, 247.668, 248.565,
 249.46,
250.175, 251.067, 251.958, 252.669, 253.556, 254.442, 255.502, 256.559, 257.614,
 258.666,
259.716, 260.763, 261.633, 262.675, 263.714, 264.751, 265.785, 266.816, 267.845,
 268.872,
269.896, 270.917, 271.937, 272.954, 273.969, 274.982, 275.993, 277.002, 278.009,
 279.015,
280.019, 281.022, 282.023, 283.023, 284.023, 285.022, 286.02, 287.018, 288.016,
289.014,
290.012, 291.01, 292.01, 293.011, 294.012, 295.016, 296.022, 297.029, 298.04, 29
9.053,
请按任意键继续. . .
































































































































































