300     2082.8  20134.3 222122  2.62976e+006    3.25324e+007    4.14718e+008
5.40367e+009    7.15923e+010    9.61059e+011    1.30392e+013    44850
2082.8  20134.3 222122  2.62976e+006    3.25324e+007    4.14718e+008    5.40367e
+009    7.15923e+010    9.61059e+011    1.30392e+013    1.78467e+014    424099

20134.3 222122  2.62976e+006    3.25324e+007    4.14718e+008    5.40367e+009
7.15923e+010    9.61059e+011    1.30392e+013    1.78467e+014    2.46073e+015
4.62292e+006
222122  2.62976e+006    3.25324e+007    4.14718e+008    5.40367e+009    7.15923e
+010    9.61059e+011    1.30392e+013    1.78467e+014    2.46073e+015    3.4142e+
016     5.4332e+007
2.62976e+006    3.25324e+007    4.14718e+008    5.40367e+009    7.15923e+010
9.61059e+011    1.30392e+013    1.78467e+014    2.46073e+015    3.4142e+016
4.76274e+017    6.68822e+008
3.25324e+007    4.14718e+008    5.40367e+009    7.15923e+010    9.61059e+011
1.30392e+013    1.78467e+014    2.46073e+015    3.4142e+016     4.76274e+017
6.67514e+018    8.49568e+009
4.14718e+008    5.40367e+009    7.15923e+010    9.61059e+011    1.30392e+013
1.78467e+014    2.46073e+015    3.4142e+016     4.76274e+017    6.67514e+018
9.39399e+019    1.10396e+011
5.40367e+009    7.15923e+010    9.61059e+011    1.30392e+013    1.78467e+014
2.46073e+015    3.4142e+016     4.76274e+017    6.67514e+018    9.39399e+019
1.32684e+021    1.45948e+012
7.15923e+010    9.61059e+011    1.30392e+013    1.78467e+014    2.46073e+015
3.4142e+016     4.76274e+017    6.67514e+018    9.39399e+019    1.32684e+021
1.88014e+022    1.95578e+013
9.61059e+011    1.30392e+013    1.78467e+014    2.46073e+015    3.4142e+016
4.76274e+017    6.67514e+018    9.39399e+019    1.32684e+021    1.88014e+022
2.67191e+023    2.64965e+014
1.30392e+013    1.78467e+014    2.46073e+015    3.4142e+016     4.76274e+017
6.67514e+018    9.39399e+019    1.32684e+021    1.88014e+022    2.67191e+023
3.80702e+024    3.62211e+015

******************************
+3.43357e-007(x^10) -2.4491e-005(x^9) +0.00073341(x^8) -0.0119403(x^7) +0.114215
(x^6) -0.646148(x^5) +2.05911(x^4) -3.24534(x^3) +1.26276(x^2) +25.9267(x^1) -0.
272627(x^0)
******************************

********************************************************************************

-0.272627, 0.766257, 1.80801, 2.85156, 3.89596, 4.94035, 5.98398, 7.02619, 8.066
41, 9.10413,
10.1389, 11.1704, 12.1984, 13.2225, 14.2426, 15.2586, 16.2703, 17.2778, 18.5311,
 19.5289,
20.0262, 21.0177, 22.0051, 22.9886, 23.9681, 24.944, 25.9163, 26.8852, 27.8509,
29.0538,
30.013, 30.9696, 31.9238, 32.8758, 33.8259, 34.7741, 35.9571, 36.9019, 37.8456,
38.7882,
39.7299, 40.6709, 41.8465, 42.7864, 43.9611, 44.9006, 45.8402, 46.7799, 47.9548,
 48.895,
49.8356, 50.7766, 51.718, 52.6599, 53.6024, 54.5453, 55.4888, 56.669, 57.6137, 5
8.7952,
59.741, 60.6872, 61.8704, 62.8173, 63.7644, 64.9486, 65.8959, 67.0801, 68.0273,
68.9743,
70.1575, 71.34, 72.2854, 73.4661, 74.6454, 75.8232, 76.7642, 77.9387, 78.8766, 7
9.8131,
80.9813, 81.9139, 82.8446, 84.0051, 84.9311, 86.0854, 87.2359, 88.1535, 89.2967,
 90.2082,
91.3435, 92.4743, 93.3754, 94.4974, 95.6143, 96.7261, 97.6117, 98.7138, 99.5915,
 100.466,
101.553, 102.419, 103.282, 104.355, 105.209, 106.271, 107.117, 108.169, 109.215,
 110.048,
111.084, 112.114, 112.934, 113.954, 114.969, 115.777, 116.983, 117.982, 118.976,
 119.966,
120.95, 121.931, 122.906, 123.878, 124.846, 125.809, 126.578, 127.535, 128.49, 1
29.441,
149.075, 131.335, 132.278, 133.219, 134.345, 135.282, 136.218, 137.152, 138.084,
 139.016,
139.948, 141.065, 141.995, 142.925, 143.856, 144.786, 145.903, 146.649, 147.768,
 148.701,
149.636, 150.571, 151.508, 152.447, 153.386, 154.328, 155.271, 156.216, 157.162,
 158.111,
158.871, 160.013, 160.968, 161.924, 104.996, 164.034, 164.996, 165.96, 166.926,
167.894,
168.863, 169.834, 170.807, 171.975, 172.951, 174.123, 175.297, 176.472, 177.649,
 178.826,
180.004, 180.986, 181.969, 183.147, 184.129, 185.111, 186.289, 187.269, 188.445,
 189.423,
190.596, 191.572, 192.741, 193.714, 194.879, 196.041, 196.814, 197.778, 198.548,
 199.509,
200.467, 201.231, 201.994, 202.946, 203.705, 204.651, 205.595, 206.724, 207.662,
 208.783,
209.901, 210.829, 211.939, 213.045, 213.963, 215.062, 215.976, 217.068, 217.976,
 218.881,
219.785, 220.866, 221.945, 223.021, 224.095, 224.989, 226.06, 227.129, 228.02, 2
29.088,
229.977, 231.044, 232.111, 233, 234.068, 235.137, 236.028, 237.099, 238.171, 239
.245,
240.142, 241.219, 242.299, 243.382, 244.105, 245.554, 246.28, 247.189, 248.1, 24
9.013,
249.744, 250.659, 251.576, 252.31, 253.229, 254.149, 255.253, 256.358, 257.463,
258.567,
259.671, 260.772, 261.689, 262.786, 263.88, 264.969, 266.054, 267.132, 268.204,
269.269,
270.326, 271.374, 272.412, 273.441, 274.459, 275.465, 276.461, 277.445, 278.418,
 279.379,
280.329, 281.27, 282.201, 283.124, 284.04, 284.953, 285.864, 286.776, 287.693, 2
88.619,
289.56, 290.52, 291.506, 292.526, 293.588, 294.7, 295.874, 297.122, 298.455, 299
.889,
请按任意键继续. . .