300     2082.8  20134.3 222122  2.62976e+006    44850
2082.8  20134.3 222122  2.62976e+006    3.25324e+007    424099
20134.3 222122  2.62976e+006    3.25324e+007    4.14718e+008    4.62292e+006

222122  2.62976e+006    3.25324e+007    4.14718e+008    5.40367e+009    5.4332e+
007
2.62976e+006    3.25324e+007    4.14718e+008    5.40367e+009    7.15923e+010
6.68822e+008

******************************
-0.00167164(x^4) +0.0660424(x^3) -1.10581(x^2) +27.4583(x^1) -1.16358(x^0)
******************************

********************************************************************************

-1.16358, -0.0670124, 1.02604, 2.11561, 3.20171, 4.28438, 5.36363, 6.43949, 7.51
199, 8.58115,
9.647, 10.7096, 11.7688, 12.8249, 13.8777, 14.9274, 15.9738, 17.0172, 18.3169, 1
9.3533,
19.8703, 20.902, 21.9307, 22.9564, 23.9791, 24.9988, 26.0156, 27.0295, 28.0405,
29.3001,
30.3047, 31.3064, 32.3053, 33.3015, 34.2948, 35.2855, 36.52, 37.5045, 38.4864, 3
9.4657,
40.4423, 41.4164, 42.6303, 43.5985, 44.8053, 45.7679, 46.728, 47.6856, 48.8792,
49.8314,
50.7812, 51.7286, 52.6736, 53.6163, 54.5567, 55.4947, 56.4305, 57.5971, 58.5278,
 59.6881,
60.6139, 61.5375, 62.689, 63.6078, 64.5245, 65.6674, 66.5793, 67.7164, 68.6238,
69.5292,
70.6582, 71.784, 72.6825, 73.8029, 74.9203, 76.0348, 76.9243, 78.0336, 78.9189,
79.8025,
80.9044, 81.7839, 82.6617, 83.7565, 84.6304, 85.7203, 86.8077, 87.6757, 88.7584,
 89.6228,
90.7009, 91.7766, 92.6354, 93.7067, 94.7755, 95.8421, 96.6936, 97.7559, 98.6041,
 99.4509,
100.507, 101.351, 102.193, 103.244, 104.083, 105.13, 105.966, 107.009, 108.05, 1
08.882,
109.919, 110.955, 111.782, 112.814, 113.844, 114.667, 115.898, 116.923, 117.946,
 118.967,
119.986, 121.004, 122.02, 123.034, 124.046, 125.057, 125.865, 126.873, 127.879,
128.884,
149.662, 130.889, 131.889, 132.888, 134.085, 135.08, 136.075, 137.068, 138.059,
139.049,
140.038, 141.223, 142.209, 143.194, 144.177, 145.159, 146.336, 147.12, 148.294,
149.272,
150.248, 151.222, 152.196, 153.169, 154.141, 155.111, 156.081, 157.049, 158.016,
 158.983,
159.755, 160.913, 161.876, 162.839, 103.873, 164.953, 165.912, 166.871, 167.828,
 168.785,
169.741, 170.696, 171.65, 172.794, 173.747, 174.888, 176.029, 177.168, 178.306,
179.444,
180.58, 181.525, 182.471, 183.604, 184.547, 185.49, 186.62, 187.561, 188.69, 189
.629,
190.756, 191.694, 192.819, 193.756, 194.879, 196.001, 196.748, 197.682, 198.428,
 199.361,
200.293, 201.038, 201.783, 202.713, 203.457, 204.386, 205.314, 206.428, 207.355,
 208.466,
209.577, 210.502, 211.611, 212.719, 213.642, 214.748, 215.669, 216.774, 217.694,
 218.613,
219.532, 220.633, 221.734, 222.833, 223.932, 224.847, 225.944, 227.04, 227.952,
229.046,
229.957, 231.049, 232.141, 233.049, 234.139, 235.227, 236.133, 237.219, 238.305,
 239.389,
240.291, 241.374, 242.455, 243.535, 244.254, 245.691, 246.409, 247.305, 248.2, 2
49.095,
249.81, 250.703, 251.595, 252.309, 253.199, 254.089, 255.155, 256.22, 257.284, 2
58.346,
259.407, 260.466, 261.348, 262.404, 263.459, 264.513, 265.565, 266.615, 267.663,
 268.711,
269.756, 270.799, 271.841, 272.881, 273.92, 274.956, 275.991, 277.023, 278.054,
279.083,
280.11, 281.135, 282.157, 283.178, 284.196, 285.213, 286.227, 287.239, 288.248,
289.256,
290.261, 291.263, 292.263, 293.261, 294.256, 295.248, 296.238, 297.226, 298.21,
299.192,
请按任意键继续. . .




































































