1!1
2!2
3!6
4!24
5!12
6!72
7!504
8!4032
9!36288
10!36288
20!243290200817664
30!26525285981219105863630848
31!822283865417792281772556288
35!103331479663861449296666513375232
40!815915283247897734345611269596115894272
50!30414093201713378043612608166064768844377641568960512
100!9332621544394415268169923885626670049071596826438162146859296389521759999322
9915608941463976156518286253697920827223758251185210916864
3!6
200!7886578673647905035523632139321850622951359776871732632947425332443594499634
03342920304284011984623904177212138919638830257642790242637105061926624952829931
11346285727076331723739698894392244562145166424025403329186413122742829485327752
42424075739032403212574055795686602260319041703240623517008587961789222227896237
0389737472
300!3060575122164406360353704612972686293885888041735769994167767412594765331767
16867465515291422477573349939147888701726368864263907759003154226842927906974559
84122547693027195460400801221577625217685425596535690350678872526432189626429936
52045764488303889097539434896254360532259807765212708224376394491201286786753683
05712293681943649956460498166450227716500185176546469340112226034729724066333258
58350687015016979416885035375213755491028912640715715483028228493795263658014523
52331569364822334367992545940952768206080622328123873838808170496
400!6403452284662389526234797031950300585070258302600295945868444594280239716918
68314362784786474632646762943505750358568108482981628835174352289619886468029979
37341654150838162426461942352307046244325015114448670890662773914918117331955996
44070954967134529047702032243491121079759328079510154537266725162787789000934976
37657103263503315339653498683868313393520243737881577867915063118587026182701698
19740062983025308591298346162272304558339520759611505302236086810433297255194852
67443223243866994842240423259980555161063594237696139923191713406385899653797014
78272066063202173794720103213566246138090779423045973606995675958360961587151299
13822286578579549361617654480453222007825818400848436415591229454275384803558374
518022675900061399560145595206127211192918105032491008
500!1220136825991110068701238785423046926253574342803192842192413588385845373153
88199760549644750220328186301361647714820358416337872207817720048078520515932928
54779075719393306037729608590862704291745478824249127263443056701732707694610628
02310452644218878789465754777149863494367781037644274033827365397471386477878495
43848959553753799042324106127132698432774571554630997720278101456108118837370953
10163563244329870295638966289116589747695720879269288712817800702651745077684107
19624390394322536422605234945850129918571501248706961568141625359056693423813008
85624924689156412677565448188650659384795177536089400574523894033579847636394490
53130623237490664450488246650759467358620746379251842004593696929810222639719525
97190945217823331756934581508552332820762820023402626907898342451712006207714640
97945611612762914595123722991334016955236385094288559201872743379517301458635757
08283557801587354327688886801203998823847021514676054454076635359841744304801289
3831389688163948746965881750450692636533817505547812864
1000!402387260077093773543702433923003985719374864210714632543799910429938512398
62902059204420848696940480047998861019719605863166687299480855890132382966994459
09974245040870737599188236277271887325197795059509952761208749754624970436014182
78094646496291056393887437886487337119181045825783647849977012476632889835955735
43251318532395846307555740911426241747434934755342864657661166779739666882029120
73791438537195882498081268678383745597317461360853795345242215865932019280908782
97308431392844403281231558611036976801357304216168747609675871348312025478589320
76716913244842623613141250878020800026168315102734182797770478463586817016436502
41536913982812648102130927612448963599287051149649754199093422215668325720808213
33186116811553615836546984046708975602900950537616475847728421889679646244945160
76535340819890138544248798495995331910172335555660213945039973628075013783761530
71277619268490343526252000158885351473316117021039681759215109077880193931781141
94545257223865541461062892187960223838971476088506276862967146674697562911234082
43920816015378088989396451826324367161676217916890977991190375403127462228998800
51954444142820121873617459926429565817466283029555702990243241531816172104658320
36786906117260158783520751516284225540265170483304226143974286933061690897968482
59012545832716822645806652676995865268227280707578139185817888965220816434834482
59932660433676601769996128318607883861502794659551311565520360939881806121385586
00301435694527224206344631797460594682573103790084024432438465657245014402821885
25247093519062092902313649327349756551395872055965422874977401141334696271542284
58623773875382304838656889764619273838149001407673104466402598994902222217659043
39901886018566526485061799702356193897017860040811889729918311021171229845901641
92106888438712185564612496079872290851929681937238864261483965738229112312502418
66493531439701374285319266498753372189406942814341185201580141233448280150513996
94290153483077644569099073152433278288269864602789864321139083506217095002597389
86355427719674282224875758676575234422020757363056949882508796892816275384886339
69099598262809561214509948717012445164612603790293091208890869420285106401821543
99457156805941872748998094254742173582401063677404595741785160829230135358081840
09699637252423056085590370062427124341690900415369010593398383577793941097002775
3472
2000!331627509245063324117539338057632403828111720810578039457193543706038077905
60082240027323085973259225540235294122583410925808481741529379613138663352634368
89056340585561639406051172525718706478563935440454052439574670376741087229704346
84158343752431580877533645127487995436859247408032408946561507233250652797655757
17967153671868935905611281587160171723265715611000421401242043384257371270017588
35477968999212835289966658534055798549036573663501333865504011720121526354880382
68152152246920995206031564418565480675946497051552288205234899995726450814065536
67896953210146762267133202683155220519449446161823927520402652972263150257475204
82960647509273941658562835317795744828763145964503739913273341772636088524900935
06621610144459709412707821313732563831572302019949914958316470942774473870327985
54967429860883937632682415247883438746959582925774057453983750158581546813629421
79499723998135994810165565638760342273129122503847098729096266224619710766059315
50201895135583165357871492290916779049702247094611937607785165110684432255905648
73626653037738465039078804952460071254940261456607225413630275491367158340609783
10749452822174907813477096932415561113398280513586006905946199652573107411770815
19922564516778571458056602185654760952377463016679422488444485798349801548032620
82989096585738175188861937669282827988845358463989659421395298446529109200910371
00461494499158285880507618679249463851808798745128914080193400746259200570987295
78599643650655895612410231018690556060308783629110505601245908998383410799367902
05207685866918347790655854470014869265692463193333761242809742006717284636193924
96986284687199934503938893672704871271727345617003548674775091029555239535479411
07421913301356819541091941462766417542161587625262858089801222443890248677182054
95941575199170127176757178749586161966593187885514183578209260148207177733173539
60343049690820705899587013819808130355901607629083885745612882176981361824835767
39218303118414719133986892842344000779246691209766731651433494437473235636572048
84447833185494169303012453167623274536787932284747382448509228313995250973250597
91270310476836014811911022292533726976938236700575656124002905760438528529029376
06479533458179666123839605262549107186663869354766108455046198102084050635827676
52658949239324951968595417167241932953068367349554400458635983816104305944982662
75306054235807558941082788804278259510898806354105679179509740177806887828698102
19010900148352061688883720250310665922068601483649830532782088263536558043605686
78128416921713304714117631217589577712263758475312351723099054982921013468730420
58980144180638753826641698977042377594062808772537022654265305808623793014226758
21187143502918637636340300173251818262076039747369595202642632364145446851113427
20215045838385101013694131303485622191663162389263276581535501127630782505996915
88245334574354378636831737306732965893551996944582368735088302786577008797498899
92343555566240682834763784685183844973648873952475103224222110561201295829657191
36810869382547576411888687934672519124619215114473883626959164367249007165342822
81526612478004639225449451703637236279407577845420910483054616561906221742869816
02973324046520201992813854882681951007282869701070737500927666487502174775372742
35150874824672027417003158112280589617812216074743794751095062093855667458125251
83766821577128078614992558761323529504223463878789548508857644661362903941276659
78044202092281337987115900896264878942413210454925003566670632909441579372986743
42147050721358893201958072306478149842952259558901275482397177332572291032576092
97907332995450563883626404746502450808094691160726320874941439730007041114185955
30278827357654819182002449697761111346318195282761590964189790958117338627206088
91043294524497853514701411244214305548608963957837834732532359576329143892528839
39862562732428627755631404638303891684216331134456363095719659784663385514923161
96335675355138403425804162919837822266909521770153175338730284610841886554138329
17195133211789572854166208482368281793251293123752154192697026970329947764382338
64830088715303734056663838682940884877307217622688490230849346611942601802726138
02108005078215741006054848201347859578102770707780655512772540501674332396066253
21641500480877240304761192903221015438535313868553848642557079079534117651957118
86837398806838957927437496834981429232921963097770901439368436553333593078201813
12993455024206044563340578606962471961505603394899523321800434359967256623927196
43540287205547501207985433197067479731312681352365374408566226320676883758513278
28962523332843418129776246970795434360034923431592396747636389121152854066577836
46213911247447051255226342701239527018127045491648045932248108858674600952306793
17596775558101167994000524980630376314134441226903703498735579991600925924807505
24855415682662817608154463083054066774126301244418642041083731190931300011544705
60277773724378067188899770851056727276781247198832857695844217588895160467868204
81001004781646235822083853248813427083407986848663216272020882330872781908537884
54691315560217288731219073939652092602291014775270809308653649798585540105774502
79289814603688431821508637246216967872282169347370599286277112447690920902988320
16683017027342025976567170986331121634950217126442682711965026405422823175963087
447530184719409552426341149846950807339008